[#SETTING]
UstVersion=1.19
Project=E:\UTAU Station\UST工程\ENCLOSURE\enclosure(rin).ust
Tempo=138.00
VoiceDir=E:\UTAU Station\UTAU\voice\EcthelRenzoku
CacheDir=E:\UTAU Station\UST工程\ENCLOSURE\enclosure(rin).cache
Mode2=True
[#PREV]
Length=240
Lyric=R
NoteNum=60
PreUtterance=
@preuttr=0
@overlap=0
@stpoint=0
[#0065]
Length=240
Lyric=- 
NoteNum=71
PreUtterance=
Velocity=113
Intensity=74
Modulation=0
Moduration=0
PBType=5
Piches=0,0,0,0,0,0,0,0,0,0,1,2,4,5,5,6,6,7,6,6,5,4,3,1,-1,-3,-5,-6,-7,-7,-7,-7,-6,-6,-5,-4,-3,-2,-1,-1,0,0,0,0,0,0,0,0,0,0,0,0,0
Pitches=0,0,0,0,0,0,0,0,0,0,1,2,4,5,5,6,6,7,6,6,5,4,3,1,-1,-3,-5,-6,-7,-7,-7,-7,-6,-6,-5,-4,-3,-2,-1,-1,0,0,0,0,0,0,0,0,0,0,0,0,0
PitchBend=0,0,0,0,0,0,0,0,0,0,1,2,4,5,5,6,6,7,6,6,5,4,3,1,-1,-3,-5,-6,-7,-7,-7,-7,-6,-6,-5,-4,-3,-2,-1,-1,0,0,0,0,0,0,0,0,0,0,0,0,0
Flags=B24g-20H25h20BRE25
Envelope=0,5,35,0,100,100,0,%,0,0,100
VBR=90,200,15,50,50,50,20,0
PBStart=-91.38315
@preuttr=0
@overlap=0
@stpoint=0
[#0066]
Length=240
Lyric=o 
NoteNum=69
PreUtterance=
Velocity=54
Intensity=72
Modulation=0
Moduration=0
PBType=5
Piches=200,200,200,200,200,200,200,200,200,200,200,200,200,200,200,200,0,1,1,1,1,1,1,0,0,-1,-2,-3,-4,-5,-6,-7,-7,-8,-8,-8,-8,-8,-7,-6,-5,-3,-1,1,3,4,6,7,8,9,10,10,10,10,10,9,8,7,6,5,4,4,3,2,1,1,0,0,0,-23,-38,-55
Pitches=200,200,200,200,200,200,200,200,200,200,200,200,200,200,200,200,0,1,1,1,1,1,1,0,0,-1,-2,-3,-4,-5,-6,-7,-7,-8,-8,-8,-8,-8,-7,-6,-5,-3,-1,1,3,4,6,7,8,9,10,10,10,10,10,9,8,7,6,5,4,4,3,2,1,1,0,0,0,-23,-38,-55
PitchBend=200,200,200,200,200,200,200,200,200,200,200,200,200,200,200,200,0,1,1,1,1,1,1,0,0,-1,-2,-3,-4,-5,-6,-7,-7,-8,-8,-8,-8,-8,-7,-6,-5,-3,-1,1,3,4,6,7,8,9,10,10,10,10,10,9,8,7,6,5,4,4,3,2,1,1,0,0,0,-23,-38,-55
Flags=B5g-20H25h20BRE25
Envelope=0,5,35,0,100,100,0,%,0,0,100
PBS=-30
PBW=70
VBR=90,200,15,49,49,50,20,0
PBStart=-71.52818
@preuttr=0
@overlap=0
@stpoint=0
[#0067]
Length=240
Lyric=o 
NoteNum=67
PreUtterance=
Velocity=110
Intensity=72
Modulation=0
Moduration=0
PBType=5
Piches=187,176,161,144,125,0,1,2,3,5,6,7,8,9,10,10,11,10,10,9,7,5,3,1,-1,-2,-3,-4,-4,-4,-4,-3,-2,-2,-1,0,0,0,0,0,0,0,0
Pitches=187,176,161,144,125,0,1,2,3,5,6,7,8,9,10,10,11,10,10,9,7,5,3,1,-1,-2,-3,-4,-4,-4,-4,-3,-2,-2,-1,0,0,0,0,0,0,0,0
PitchBend=187,176,161,144,125,0,1,2,3,5,6,7,8,9,10,10,11,10,10,9,7,5,3,1,-1,-2,-3,-4,-4,-4,-4,-3,-2,-2,-1,0,0,0,0,0,0,0,0
Flags=B0g-20H25h20BRE25
Envelope=0,5,35,0,100,100,0,%,0,0,100
PBS=-30
PBW=70
VBR=90,200,15,50,50,50,20,0
PBStart=-71.84354
@preuttr=0
@overlap=0
@stpoint=0
[#0068]
Length=120
Lyric=u 
NoteNum=64
PreUtterance=
Velocity=59
Intensity=69
Modulation=0
Moduration=0
PBType=5
Piches=300,300,300,300,300,300,300,300,300,1,2,4,5,7,8,9,10,10,10,9,7,5,2,1,-1,-2,-2,-2,-2,-1,-1,0,0,0,0
Pitches=300,300,300,300,300,300,300,300,300,1,2,4,5,7,8,9,10,10,10,9,7,5,2,1,-1,-2,-2,-2,-2,-1,-1,0,0,0,0
PitchBend=300,300,300,300,300,300,300,300,300,1,2,4,5,7,8,9,10,10,10,9,7,5,2,1,-1,-2,-2,-2,-2,-1,-1,0,0,0,0
Flags=B30g-20H25h20BRE25
Envelope=0,5,35,0,100,100,0,%,0,0,100
PBS=-40
PBW=90
VBR=90,200,15,49,49,50,20,0
PBStart=-104.9662
@preuttr=0
@overlap=0
@stpoint=0
[#0069]
Length=120
Lyric=i 
NoteNum=64
PreUtterance=
Velocity=124
Intensity=68
Modulation=0
Moduration=0
Flags=B19g-20H25h20BRE25
Envelope=0,5,35,0,100,100,0,%,0,0,100
@preuttr=0
@overlap=0
@stpoint=0
[#0070]
Length=120
Lyric=u 
NoteNum=64
PreUtterance=
Velocity=83
Intensity=66
Modulation=0
Moduration=0
Flags=B23g-20H25h20BRE25
Envelope=0,5,3,0,100,100,100,%,101,0,100
@preuttr=0
@overlap=0
@stpoint=0
[#0071]
Length=120
Lyric=u 
NoteNum=64
PreUtterance=50
VoiceOverlap=100
Velocity=98
Intensity=56
Modulation=0
Moduration=0
Flags=B5g-20H25h20BRE25
Envelope=99,3,31,100,100,100,0,%,0,0,100
@preuttr=50.69798
@overlap=101.396
@stpoint=0
[#0072]
Length=720
Lyric=n 
NoteNum=64
PreUtterance=
Velocity=115
Intensity=72
Modulation=0
Moduration=0
PBType=5
Piches=0,0,0,0,0,0,0,0,0,0,0,0,0,0,0,0,0,0,1,1,1,1,0,0,0,-1,-1,-2,-2,-3,-3,-4,-4,-5,-5,-5,-5,-5,-4,-4,-3,-2,-1,0,2,3,0,0,1,1,2,3,3,4,5,5,6,6,6,6,6,6,6,5,4,3,2,1,-1,-2,-4,-5,-6,-8,-9,-10,-11,-11,-12,-12,-11,-11,-9,-8,-6,-4,-2,1,3,6,9,12,14,17,19,20,22,23,24,24,24,23,22,21,20,18,15,13,10,7,4,2,-1,-3,-5,-7,-8,-9,-10,-11,-11,-10,-10,-9,-9,-8,-6,-5,-4,-2,-1,0,1,2,3,4,4,5,5,5,5,5,4,4,3,3,2,1,1,0,0,0
Pitches=0,0,0,0,0,0,0,0,0,0,0,0,0,0,0,0,0,0,1,1,1,1,0,0,0,-1,-1,-2,-2,-3,-3,-4,-4,-5,-5,-5,-5,-5,-4,-4,-3,-2,-1,0,2,3,0,0,1,1,2,3,3,4,5,5,6,6,6,6,6,6,6,5,4,3,2,1,-1,-2,-4,-5,-6,-8,-9,-10,-11,-11,-12,-12,-11,-11,-9,-8,-6,-4,-2,1,3,6,9,12,14,17,19,20,22,23,24,24,24,23,22,21,20,18,15,13,10,7,4,2,-1,-3,-5,-7,-8,-9,-10,-11,-11,-10,-10,-9,-9,-8,-6,-5,-4,-2,-1,0,1,2,3,4,4,5,5,5,5,5,4,4,3,3,2,1,1,0,0,0
PitchBend=0,0,0,0,0,0,0,0,0,0,0,0,0,0,0,0,0,0,1,1,1,1,0,0,0,-1,-1,-2,-2,-3,-3,-4,-4,-5,-5,-5,-5,-5,-4,-4,-3,-2,-1,0,2,3,0,0,1,1,2,3,3,4,5,5,6,6,6,6,6,6,6,5,4,3,2,1,-1,-2,-4,-5,-6,-8,-9,-10,-11,-11,-12,-12,-11,-11,-9,-8,-6,-4,-2,1,3,6,9,12,14,17,19,20,22,23,24,24,24,23,22,21,20,18,15,13,10,7,4,2,-1,-3,-5,-7,-8,-9,-10,-11,-11,-10,-10,-9,-9,-8,-6,-5,-4,-2,-1,0,1,2,3,4,4,5,5,5,5,5,4,4,3,3,2,1,1,0,0,0
Flags=B9g-20H25h20BRE25
Envelope=0,5,35,0,100,100,0,%,0,0,100
VBR=70,200,20,42,42,50,20,0
PBStart=-10.81501
@preuttr=0
@overlap=0
@stpoint=0
[#0073]
Length=240
Lyric=R
NoteNum=60
PreUtterance=
@preuttr=0
@overlap=0
@stpoint=0
[#0074]
Length=480
Lyric=- 
NoteNum=66
PreUtterance=
Velocity=62
Intensity=65
Modulation=0
Moduration=0
PBType=5
Piches=0,0,0,0,0,0,0,0,0,0,0,0,0,0,0,0,0,0,0,0,0,0,0,0,0,0,-1,-1,-2,-3,-3,-4,-4,-4,-5,-5,-5,-5,-4,-4,-3,-2,-1,0,2,3,5,7,8,10,12,13,14,16,16,17,17,17,16,15,13,12,10,8,6,4,3,1,-1,-2,-3,-4,-5,-5,-6,-6,-6,-6,-5,-5,-4,-4,-3,-2,-2,-1,0,0,0,1,1,1,1,1,0,0,0,0,0,0,0,0,0,0,0,0,0,0
Pitches=0,0,0,0,0,0,0,0,0,0,0,0,0,0,0,0,0,0,0,0,0,0,0,0,0,0,-1,-1,-2,-3,-3,-4,-4,-4,-5,-5,-5,-5,-4,-4,-3,-2,-1,0,2,3,5,7,8,10,12,13,14,16,16,17,17,17,16,15,13,12,10,8,6,4,3,1,-1,-2,-3,-4,-5,-5,-6,-6,-6,-6,-5,-5,-4,-4,-3,-2,-2,-1,0,0,0,1,1,1,1,1,0,0,0,0,0,0,0,0,0,0,0,0,0,0
PitchBend=0,0,0,0,0,0,0,0,0,0,0,0,0,0,0,0,0,0,0,0,0,0,0,0,0,0,-1,-1,-2,-3,-3,-4,-4,-4,-5,-5,-5,-5,-4,-4,-3,-2,-1,0,2,3,5,7,8,10,12,13,14,16,16,17,17,17,16,15,13,12,10,8,6,4,3,1,-1,-2,-3,-4,-5,-5,-6,-6,-6,-6,-5,-5,-4,-4,-3,-2,-2,-1,0,0,0,1,1,1,1,1,0,0,0,0,0,0,0,0,0,0,0,0,0,0
Flags=B33g-20H25h20BRE25
Envelope=0,5,35,0,100,100,0,%,0,0,100
VBR=90,200,15,50,50,50,20,0
PBStart=-46.84831
@preuttr=0
@overlap=0
@stpoint=0
[#0075]
Length=1440
Lyric=a 
NoteNum=67
PreUtterance=
Velocity=55
Intensity=65
Modulation=0
Moduration=0
PBType=5
Piches=-100,-100,-100,-100,-100,-100,-100,-100,-100,-100,-100,-100,-100,-100,-100,-100,-100,-100,-100,-100,-100,-98,-92,-83,-71,-57,-43,-29,-17,-8,-2,0,0,0,0,0,0,0,0,0,0,0,0,0,0,0,1,1,2,2,3,3,4,5,5,6,6,6,6,6,6,6,5,5,4,3,2,1,-1,-2,-3,-4,-6,-7,-8,-9,-9,-10,-10,-10,-9,-9,-8,-7,-5,-4,-2,0,3,5,7,9,11,12,14,15,16,17,18,18,18,18,0,1,1,1,2,2,2,1,1,0,0,-1,-2,-3,-4,-4,-5,-6,-7,-7,-7,-8,-7,-7,-6,-6,-5,-3,-2,0,2,4,7,9,11,13,15,17,19,21,22,23,23,23,23,21,20,18,16,13,11,8,5,2,-1,-3,-6,-8,-10,-12,-14,-15,-16,-16,-16,-15,-15,-13,-12,-10,-8,-5,-3,0,3,6,9,11,14,16,18,20,22,23,24,24,24,23,23,21,20,18,16,13,11,8,5,2,0,-3,-6,-8,-10,-12,-14,-15,-16,-16,-16,-16,-15,-14,-12,-10,-8,-6,-3,0,3,5,8,11,14,16,18,20,22,23,24,24,24,24,23,22,20,18,16,14,11,8,6,3,0,-3,-5,-8,-10,-12,-13,-15,-15,-16,-16,-16,-15,-14,-12,-10,-8,-6,-3,-1,2,5,8,11,13,15,17,18,19,20,20,20,20,19,18,16,15,13,11,9,7,5,3,2,0,-1,-3,-4,-4,-5,-5,-6,-6,-5,-5,-5,-4,-3,-3,-2,-2,-1,0,0,0,0,0,0,0,0
Pitches=-100,-100,-100,-100,-100,-100,-100,-100,-100,-100,-100,-100,-100,-100,-100,-100,-100,-100,-100,-100,-100,-98,-92,-83,-71,-57,-43,-29,-17,-8,-2,0,0,0,0,0,0,0,0,0,0,0,0,0,0,0,1,1,2,2,3,3,4,5,5,6,6,6,6,6,6,6,5,5,4,3,2,1,-1,-2,-3,-4,-6,-7,-8,-9,-9,-10,-10,-10,-9,-9,-8,-7,-5,-4,-2,0,3,5,7,9,11,12,14,15,16,17,18,18,18,18,0,1,1,1,2,2,2,1,1,0,0,-1,-2,-3,-4,-4,-5,-6,-7,-7,-7,-8,-7,-7,-6,-6,-5,-3,-2,0,2,4,7,9,11,13,15,17,19,21,22,23,23,23,23,21,20,18,16,13,11,8,5,2,-1,-3,-6,-8,-10,-12,-14,-15,-16,-16,-16,-15,-15,-13,-12,-10,-8,-5,-3,0,3,6,9,11,14,16,18,20,22,23,24,24,24,23,23,21,20,18,16,13,11,8,5,2,0,-3,-6,-8,-10,-12,-14,-15,-16,-16,-16,-16,-15,-14,-12,-10,-8,-6,-3,0,3,5,8,11,14,16,18,20,22,23,24,24,24,24,23,22,20,18,16,14,11,8,6,3,0,-3,-5,-8,-10,-12,-13,-15,-15,-16,-16,-16,-15,-14,-12,-10,-8,-6,-3,-1,2,5,8,11,13,15,17,18,19,20,20,20,20,19,18,16,15,13,11,9,7,5,3,2,0,-1,-3,-4,-4,-5,-5,-6,-6,-5,-5,-5,-4,-3,-3,-2,-2,-1,0,0,0,0,0,0,0,0
PitchBend=-100,-100,-100,-100,-100,-100,-100,-100,-100,-100,-100,-100,-100,-100,-100,-100,-100,-100,-100,-100,-100,-98,-92,-83,-71,-57,-43,-29,-17,-8,-2,0,0,0,0,0,0,0,0,0,0,0,0,0,0,0,1,1,2,2,3,3,4,5,5,6,6,6,6,6,6,6,5,5,4,3,2,1,-1,-2,-3,-4,-6,-7,-8,-9,-9,-10,-10,-10,-9,-9,-8,-7,-5,-4,-2,0,3,5,7,9,11,12,14,15,16,17,18,18,18,18,0,1,1,1,2,2,2,1,1,0,0,-1,-2,-3,-4,-4,-5,-6,-7,-7,-7,-8,-7,-7,-6,-6,-5,-3,-2,0,2,4,7,9,11,13,15,17,19,21,22,23,23,23,23,21,20,18,16,13,11,8,5,2,-1,-3,-6,-8,-10,-12,-14,-15,-16,-16,-16,-15,-15,-13,-12,-10,-8,-5,-3,0,3,6,9,11,14,16,18,20,22,23,24,24,24,23,23,21,20,18,16,13,11,8,5,2,0,-3,-6,-8,-10,-12,-14,-15,-16,-16,-16,-16,-15,-14,-12,-10,-8,-6,-3,0,3,5,8,11,14,16,18,20,22,23,24,24,24,24,23,22,20,18,16,14,11,8,6,3,0,-3,-5,-8,-10,-12,-13,-15,-15,-16,-16,-16,-15,-14,-12,-10,-8,-6,-3,-1,2,5,8,11,13,15,17,18,19,20,20,20,20,19,18,16,15,13,11,9,7,5,3,2,0,-1,-3,-4,-4,-5,-5,-6,-6,-5,-5,-5,-4,-3,-3,-2,-2,-1,0,0,0,0,0,0,0,0
Flags=B3g-20H25h20BRE25
Envelope=0,5,35,0,100,100,0,%,0,0,100
PBS=-20
PBW=50
VBR=70,200,20,20,20,50,20,0
PBStart=-49.17745
@preuttr=0
@overlap=0
@stpoint=0
[#NEXT]
Length=480
Lyric=R
NoteNum=60
PreUtterance=
@preuttr=0
@overlap=0
@stpoint=0
